4
8
16
32
64
128
256
512
1024
2048
4096
8192
16384
32768
65536
9
27
81
243
729
2187
6561
19683
59049
25
125
625
3125
15625
78125
36
216
1296
7776
46656
49
343
2401
16807
100
1000
10000
100000
121
1331
14641
144
1728
20736
169
2197
28561
196
2744
38416
225
3375
50625
289
4913
83521
324
5832
361
6859
400
8000
441
9261
484
10648
529
12167
576
13824
676
17576
784
21952
841
24389
900
27000
961
29791
1089
35937
1156
39304
1225
42875
1369
50653
1444
54872
1521
59319
1600
64000
1681
68921
1764
74088
1849
79507
1936
85184
2025
91125
2116
97336
2209
2304
2500
2601
2704
2809
2916
3025
3136
3249
3364
3481
3600
3721
3844
3969
4225
4356
4489
4624
4761
4900
5041
5184
5329
5476
5625
5776
5929
6084
6241
6400
6724
6889
7056
7225
7396
7569
7744
7921
8100
8281
8464
8649
8836
9025
9216
9409
9604
9801
10201
10404
10609
10816
11025
11236
11449
11664
11881
12100
12321
12544
12769
12996
13225
13456
13689
13924
14161
14400
14884
15129
15376
15876
16129
16641
16900
17161
17424
17689
17956
18225
18496
18769
19044
19321
19600
19881
20164
20449
21025
21316
21609
21904
22201
22500
22801
23104
23409
23716
24025
24336
24649
24964
25281
25600
25921
26244
26569
26896
27225
27556
27889
28224
28900
29241
29584
29929
30276
30625
30976
31329
31684
32041
32400
32761
33124
33489
33856
34225
34596
34969
35344
35721
36100
36481
36864
37249
37636
38025
38809
39204
39601
40000
40401
40804
41209
41616
42025
42436
42849
43264
43681
44100
44521
44944
45369
45796
46225
47089
47524
47961
48400
48841
49284
49729
50176
51076
51529
51984
52441
52900
53361
53824
54289
54756
55225
55696
56169
56644
57121
57600
58081
58564
59536
60025
60516
61009
61504
62001
62500
63001
63504
64009
64516
65025
66049
66564
67081
67600
68121
68644
69169
69696
70225
70756
71289
71824
72361
72900
73441
73984
74529
75076
75625
76176
76729
77284
77841
78400
78961
79524
80089
80656
81225
81796
82369
82944
84100
84681
85264
85849
86436
87025
87616
88209
88804
89401
90000
90601
91204
91809
92416
93025
93636
94249
94864
95481
96100
96721
97344
97969
98596
99225
99856
99634
